2.750565 2.330806 2.208764 2.126502 2.027455 1.890588 1.707323 1.476131 1.200856 0.889918 0.555636 0.131775 
2.750565 2.330806 2.208764 2.126502 2.027455 1.890588 1.707323 1.476131 1.200856 0.889918 0.555636 0.131775 
2.750565 2.330806 2.208764 2.126502 2.027455 1.890588 1.707323 1.476131 1.200856 0.889918 0.555636 0.131775 
2.750565 2.330806 2.208764 2.126502 2.027455 1.890588 1.707323 1.476131 1.200856 0.889918 0.555636 0.131775 
2.750565 2.330806 2.208764 2.126502 2.027455 1.890588 1.707323 1.476131 1.200856 0.889918 0.555636 0.131775 
2.750565 2.330806 2.208764 2.126502 2.027455 1.890588 1.707323 1.476131 1.200856 0.889918 0.555636 0.131775 
2.750565 2.330806 2.208764 2.126502 2.027455 1.890588 1.707323 1.476131 1.200856 0.889918 0.555636 0.131775 
2.750565 2.330806 2.208764 2.126502 2.027455 1.890588 1.707323 1.476131 1.200856 0.889918 0.555636 0.131775 
2.750565 2.330806 2.208764 2.126502 2.027455 1.890588 1.707323 1.476131 1.200856 0.889918 0.555636 0.131775 
2.750565 2.330806 2.208764 2.126502 2.027455 1.890588 1.707323 1.476131 1.200856 0.889918 0.555636 0.131775 
2.750565 2.330806 2.208764 2.126502 2.027455 1.890588 1.707323 1.476131 1.200856 0.889918 0.555636 0.131775 
2.750565 2.330806 2.208764 2.126502 2.027455 1.890588 1.707323 1.476131 1.200856 0.889918 0.555636 0.131775 
2.750565 2.330806 2.208764 2.126502 2.027455 1.890588 1.707323 1.476131 1.200856 0.889918 0.555636 0.131775 
2.750565 2.330806 2.208764 2.126502 2.027455 1.890588 1.707323 1.476131 1.200856 0.889918 0.555636 0.131775 
2.750565 2.330806 2.208764 2.126502 2.027455 1.890588 1.707323 1.476131 1.200856 0.889918 0.555636 0.131775 
2.750565 2.330806 2.208764 2.126502 2.027455 1.890588 1.707323 1.476131 1.200856 0.889918 0.555636 0.131775 
2.750565 2.330806 2.208764 2.126502 2.027455 1.890588 1.707323 1.476131 1.200856 0.889918 0.555636 0.131775 
2.750565 2.330806 2.208764 2.126502 2.027455 1.890588 1.707323 1.476131 1.200856 0.889918 0.555636 0.131775 
2.750565 2.330806 2.208764 2.126502 2.027455 1.890588 1.707323 1.476131 1.200856 0.889918 0.555636 0.131775 
2.777690 2.155988 2.009563 2.244553 2.332988 1.911407 1.398736 1.281598 1.318833 1.037703 0.540544 0.124058 
2.756064 2.286866 2.167298 2.163377 2.096216 1.882466 1.636906 1.445240 1.233589 0.919131 0.547478 0.130905 
2.750234 2.331537 2.209117 2.126132 2.028324 1.889478 1.707773 1.477008 1.201379 0.888983 0.555591 0.131784 
2.750565 2.330806 2.208764 2.126502 2.027455 1.890588 1.707323 1.476131 1.200856 0.889918 0.555636 0.131775 
2.756291 2.310216 2.184630 2.138471 2.048214 1.881823 1.690157 1.480796 1.214421 0.892872 0.552804 0.131465 
2.752507 2.330967 2.204484 2.124236 2.030351 1.890726 1.705695 1.475047 1.203349 0.890284 0.555238 0.131778 
2.750530 2.330188 2.208748 2.127401 2.027352 1.891635 1.706260 1.476183 1.200901 0.889904 0.555624 0.131772 
2.750565 2.330806 2.208764 2.126502 2.027455 1.890588 1.707323 1.476131 1.200856 0.889918 0.555636 0.131775 
2.750565 2.330806 2.208764 2.126502 2.027455 1.890588 1.707323 1.476131 1.200856 0.889918 0.555636 0.131775 
2.750565 2.330806 2.208764 2.126502 2.027455 1.890588 1.707323 1.476131 1.200856 0.889918 0.555636 0.131775 
2.750565 2.330806 2.208764 2.126502 2.027455 1.890588 1.707323 1.476131 1.200856 0.889918 0.555636 0.131775 
2.750565 2.330806 2.208764 2.126502 2.027455 1.890588 1.707323 1.476131 1.200856 0.889918 0.555636 0.131775 
2.750565 2.330806 2.208764 2.126502 2.027455 1.890588 1.707323 1.476131 1.200856 0.889918 0.555636 0.131775 
2.750565 2.330806 2.208764 2.126502 2.027455 1.890588 1.707323 1.476131 1.200856 0.889918 0.555636 0.131775 
2.750565 2.330806 2.208764 2.126502 2.027455 1.890588 1.707323 1.476131 1.200856 0.889918 0.555636 0.131775 
2.750615 2.330837 2.208811 2.125613 2.028578 1.890681 1.707508 1.476235 1.200953 0.889329 0.555683 0.131776 
2.750565 2.330806 2.208764 2.126502 2.027455 1.890588 1.707323 1.476131 1.200856 0.889918 0.555636 0.131775 
2.750973 2.331470 2.209714 2.126693 2.026438 1.889427 1.704996 1.475951 1.201621 0.889910 0.556091 0.131788 
2.755483 2.332369 2.198570 2.106405 2.005075 1.876700 1.704555 1.482735 1.209297 0.898038 0.557986 0.131488 
2.771626 2.323332 2.168084 2.073450 1.971168 1.830109 1.681637 1.505197 1.254989 0.917812 0.553587 0.130761 
2.785877 2.250652 2.137710 2.180638 2.016892 1.706836 1.601639 1.602844 1.348463 0.895827 0.526184 0.130349 
2.775951 2.270383 2.144201 2.158380 2.044838 1.780820 1.591443 1.507709 1.303650 0.928531 0.541039 0.130154 
2.771863 2.288000 2.156711 2.130118 2.014987 1.807837 1.659826 1.541038 1.282429 0.901469 0.537832 0.130679 
2.773210 2.322509 2.156067 2.043111 1.936710 1.834758 1.724467 1.543830 1.262751 0.910306 0.545017 0.130304 
2.751353 2.323406 2.204007 2.132864 2.029300 1.883033 1.708482 1.488094 1.205870 0.885947 0.553311 0.131694 
2.750553 2.330786 2.208738 2.126554 2.027508 1.889451 1.707274 1.477093 1.200827 0.889894 0.555619 0.131772 
2.750565 2.330806 2.208764 2.126502 2.027455 1.890588 1.707323 1.476131 1.200856 0.889918 0.555636 0.131775 
2.750571 2.330816 2.209578 2.125574 2.027474 1.890609 1.707345 1.476075 1.200872 0.889932 0.555645 0.131777 
2.575414 2.102935 2.787508 1.801464 1.902690 2.251420 1.547719 1.445264 1.335584 0.882001 0.499532 0.132662 
0.110031 -1.091288 7.496092 1.477879 1.539797 0.763772 2.533582 1.973885 1.151103 0.802261 0.126301 0.288321 
-2.071983 -1.905409 7.857434 1.519440 2.121948 1.404090 2.645079 1.089350 1.512767 0.362055 0.069768 0.337205 
-1.677278 -2.603763 6.854066 1.128029 1.913858 2.461295 2.111666 0.303316 1.691566 0.200418 0.101712 0.264515 
-1.372495 -2.132478 5.986925 0.320212 2.217682 1.598948 2.348147 0.236825 0.979492 0.548700 0.029698 0.175881 
-0.983799 -2.476473 5.454939 -0.074374 1.479398 1.694338 2.478542 0.686625 0.673794 0.157058 0.138766 0.190901 
-0.991588 -2.555606 6.603625 -0.608060 0.423372 1.749906 2.505627 1.411319 1.420037 -0.127973 -0.147457 0.287193 
-1.002969 -2.741279 6.030169 -0.330242 1.145355 2.326795 1.089287 0.911502 1.973677 -0.170134 -0.207320 0.239016 
-0.249675 -2.450038 6.018965 0.949778 0.116507 1.437848 3.430099 1.184979 1.753495 -0.046988 0.017753 0.246570 
6.609575 -3.357609 3.559953 0.583343 -0.194155 0.878577 0.803539 2.651992 1.221065 -0.590005 0.080478 0.053477 
8.134457 -4.042166 0.641549 3.485313 0.330381 -1.070647 1.751374 2.404396 0.419340 -0.310657 0.056481 0.025305 
8.130251 -4.067688 0.527386 3.761370 0.609525 -1.500223 1.067301 2.156090 0.368968 -0.451357 -0.049374 0.009158 
7.515472 -2.753680 -1.304739 4.766439 1.285382 -1.490538 0.748544 1.696893 -0.104174 -0.860099 -0.177983 0.013533 
7.349884 -2.389302 -0.927800 3.632771 -0.099440 -1.820738 1.340418 2.765962 0.719176 -0.515698 -0.155996 -0.029302 
7.204161 -2.930829 -0.331478 3.001727 0.834519 -1.886822 1.775006 2.750949 0.733975 -0.280253 -0.019639 0.016409 
7.421560 -2.154435 -0.748981 3.571639 1.180423 -1.892327 0.680899 2.582027 1.339828 -0.104753 -0.183290 -0.061163 
7.807201 -1.928801 -0.859765 4.232869 1.279422 -1.396889 0.747855 2.023945 0.652313 -0.298705 -0.036255 0.013136 
9.732815 -2.230515 -0.254447 5.721114 1.810267 -0.525393 0.964673 2.184404 0.697835 -0.126072 -0.057731 -0.003945 
8.722906 -1.363370 1.599574 3.144654 1.983669 1.374635 0.787879 1.745987 1.430608 0.121461 0.064353 0.156445 
5.922104 1.256185 0.684789 3.650809 2.208451 -0.554918 1.374721 3.235241 1.440870 0.496458 -0.004977 0.047444 
6.233574 1.445644 0.577342 3.518976 2.403485 0.085203 1.524017 2.379474 0.617420 -0.185092 -0.114417 0.056169 
7.708833 -0.138898 -0.124830 3.899148 0.763856 -1.204620 1.269702 2.015354 0.711263 0.059277 0.200485 -0.010904 
8.137576 -0.785733 -0.947166 3.365830 2.541052 -2.115689 1.299268 2.409410 1.762922 0.209272 -0.107225 -0.005840 
6.269542 -1.168247 -0.657464 3.817596 0.626936 -0.923523 2.687357 2.942571 1.404167 0.227596 0.262222 0.016701 
5.313405 0.023240 0.502538 4.379195 1.811786 -1.509550 1.284017 3.555690 1.679254 0.610857 0.009887 0.021921 
4.793835 1.904322 1.105184 3.108130 3.404659 1.936582 1.666553 2.038840 1.369245 0.337377 -0.096891 0.048445 
4.322868 1.600426 1.443385 3.852477 3.616247 1.730491 1.876056 2.108576 0.898368 0.295133 0.084516 0.139815 
3.991643 1.700936 1.327542 3.464426 4.138541 2.816865 2.109246 1.678352 0.391415 -0.251577 0.337941 0.233932 
3.436484 2.003311 1.937725 3.211023 3.255229 2.180808 1.971849 1.996850 1.015181 0.143338 0.214292 0.159683 
3.397407 1.761385 1.219043 2.373036 3.162781 2.825986 2.309758 1.562298 0.501258 0.172277 0.546364 0.208172 
3.096819 2.392091 2.125532 2.295336 2.365762 2.137048 1.869115 1.548069 1.082031 0.682408 0.430516 0.139068 
2.948859 2.062747 1.846843 2.272868 2.385886 2.046600 1.859616 1.649950 1.092005 0.651666 0.538284 0.139913 
2.855568 2.153906 2.060595 2.348968 2.257079 1.844162 1.734738 1.695980 1.235047 0.708012 0.493000 0.135274 
2.774904 2.338894 2.233747 2.181870 2.057642 1.878609 1.707498 1.496768 1.194141 0.857617 0.538108 0.133059 
2.760582 2.338595 2.219687 2.142580 2.040374 1.894498 1.707591 1.477624 1.198134 0.880030 0.549466 0.132455 
2.751772 2.331680 2.210748 2.129407 2.029355 1.892476 1.707180 1.475686 1.198833 0.889517 0.555370 0.131894 
2.751774 2.332713 2.209905 2.128507 2.027858 1.889069 1.705337 1.475792 1.199226 0.889228 0.555113 0.131804 
2.751116 2.332497 2.209861 2.127473 2.027784 1.889663 1.706889 1.475505 1.200195 0.889300 0.555168 0.131803 
2.750695 2.330650 2.209223 2.127096 2.026940 1.891268 1.706896 1.476694 1.199700 0.890367 0.555506 0.131783 
2.750793 2.330658 2.208507 2.126375 2.028291 1.889099 1.706912 1.476855 1.200506 0.889742 0.555943 0.131771 
2.750541 2.330792 2.208803 2.126525 2.027451 1.890708 1.708480 1.476250 1.200029 0.889960 0.555652 0.131781 
2.750880 2.330149 2.208690 2.126382 2.027343 1.890455 1.707205 1.476003 1.200745 0.890463 0.555584 0.131770 
2.751012 2.330293 2.208168 2.126771 2.027734 1.890776 1.707557 1.475329 1.200922 0.889910 0.555678 0.131773 
2.750525 2.330746 2.208678 2.126369 2.028395 1.890466 1.707285 1.476081 1.200779 0.889895 0.555616 0.131776 
2.750565 2.330806 2.208764 2.126502 2.027455 1.890588 1.707323 1.476131 1.200856 0.889918 0.555636 0.131775 
2.750001 2.327906 2.207445 2.130078 2.030128 1.889650 1.704523 1.479414 1.205351 0.889377 0.553315 0.131745 
2.748779 2.324482 2.211332 2.126646 2.033723 1.888015 1.698032 1.479148 1.203899 0.892072 0.554546 0.131656 
2.748611 2.330299 2.211986 2.120201 2.032818 1.889511 1.703543 1.481740 1.196314 0.891490 0.555849 0.131714 
2.748273 2.330969 2.211586 2.120450 2.033813 1.887962 1.704163 1.480743 1.197583 0.891004 0.555891 0.131714 
2.749264 2.330200 2.211134 2.123077 2.029132 1.891460 1.703578 1.479481 1.199224 0.889218 0.556623 0.131731 
2.749204 2.331165 2.210491 2.123121 2.030933 1.888846 1.707124 1.477968 1.198592 0.891587 0.555148 0.131748 
2.750458 2.330809 2.208934 2.126250 2.027615 1.890588 1.707243 1.476209 1.200839 0.889924 0.555631 0.131773 
2.750565 2.330806 2.208764 2.126502 2.027455 1.890588 1.707323 1.476131 1.200856 0.889918 0.555636 0.131775 
